[iView]
Converted from: NA
Date: NA
Version:	IDF Event Detector 3.0.20
Sample Rate:	30
Subject: NA
Description:	description info                                                                                                                                                                                                                                                

Table Header for Fixations:
Event Type	Trial	Number	Start	End	Duration	Location X	Location Y	Dispersion X	Dispersion Y	Plane	Avg. Pupil Size X	Avg Pupil Size Y

Table Header for Saccades:
Event Type	Trial	Number	Start	End	Duration	Start Loc.X	Start Loc.Y	End Loc.X	End Loc.Y	Amplitude	Peak Speed	Peak Speed At	Average Speed	Peak Accel.	Peak Decel.	Average Accel.

Table Header for Blinks:
Event Type	Trial	Number	Start	End	Duration

Table Header for User Events:
Event Type	Trial	Number	Start	Description

Table Header for Trigger Line Events:
Event Type	Trial	Number	Start	Duration	Port Status

UserEvent	1	1	43798367	# Message: 90
UserEvent	1	2	53811430	# Message: 20
UserEvent	1	3	73808517	# Message: 30
UserEvent	1	4	113797687	# Message: 20
UserEvent	1	5	133797780	# Message: 30
UserEvent	1	6	173796958	# Message: 20
UserEvent	1	7	193795053	# Message: 30
UserEvent	1	8	233795240	# Message: 20
UserEvent	1	9	253796326	# Message: 30
UserEvent	1	10	293794525	# Message: 20
UserEvent	1	11	313795600	# Message: 30
UserEvent	1	12	353793792	# Message: 20
Fixation L	1	1	35617227	35783882	166655	1075.05	647.43	2	14	-1	16.01	16.01
Saccade L	1	1	35783882	35883866	99984	1074.36	641.08	719.55	524.85	3.92	115.42	0.67	39.21	1721.87	-1587.64	1053.36
Fixation L	1	2	35883866	36283812	399946	703.47	506.84	23	23	-1	15.82	15.82
Saccade L	1	2	36283812	36383811	99999	695.84	505.12	961.78	748.24	3.61	146.93	0.33	36.11	2202.10	-1831.57	1054.79
Fixation L	1	3	36383811	36683782	299971	975.60	730.56	20	27	-1	15.78	15.78
Saccade L	1	3	36683782	36750442	66660	982.18	729.28	719.02	333.63	3.77	145.23	0.50	56.57	2112.74	-2019.07	1936.38
Fixation L	1	4	36750442	37150395	399953	716.62	314.66	12	32	-1	13.77	13.77
Saccade L	1	4	37150395	37183724	33329	726.23	339.44	727.20	345.03	0.24	11.27	0.00	7.35	-40.90	-74.01	60.32
Fixation L	1	5	37183724	37417036	233312	738.45	357.95	25	22	-1	13.85	13.85
Saccade L	1	5	37417036	37450358	33322	752.56	367.09	758.89	367.85	0.12	5.52	1.00	3.55	-1.12	-29.61	19.98
Fixation L	1	6	37450358	37650340	199982	766.22	370.05	11	4	-1	14.44	14.44
Saccade L	1	6	37650340	37883651	233311	770.19	371.93	85.03	126.60	11.17	174.77	0.29	47.87	2614.19	-2260.24	1174.33
Fixation L	1	7	37883651	38183614	299963	79.92	100.16	9	38	-1	15.22	15.22
Saccade L	1	7	38183614	38283593	99979	75.78	91.98	186.84	669.88	6.00	172.10	0.67	60.01	2543.84	-2501.66	1892.54
Fixation L	1	8	38283593	38383597	100004	199.30	668.00	25	4	-1	15.94	15.94
Saccade L	1	8	38383597	38416929	33332	212.19	669.36	71.16	860.38	1.27	132.07	1.00	38.04	1927.91	-1907.39	1301.78
Fixation L	1	9	38416929	38583574	166645	57.47	879.02	22	25	-1	16.42	16.42
Saccade L	1	9	38583574	38683558	99984	48.45	885.83	1251.53	667.95	11.54	408.16	0.67	115.43	6111.50	-5981.18	3462.84
Fixation L	1	10	38683558	38750215	66657	1241.82	666.31	15	8	-1	16.58	16.58
Saccade L	1	10	38750215	38850207	99992	1237.92	669.81	1175.42	114.07	5.54	141.84	0.67	55.36	2053.76	-2093.48	1517.74
Fixation L	1	11	38850207	39183498	333291	1173.24	111.67	10	9	-1	14.79	14.79
Saccade L	1	11	39183498	39250162	66664	1176.01	114.05	1296.72	575.57	3.65	199.36	0.50	54.81	2976.15	-2946.72	1902.22
Fixation L	1	12	39250162	39350149	99987	1299.63	592.56	6	33	-1	14.84	14.84
Saccade L	1	12	39350149	39416810	66661	1302.99	609.39	771.82	585.70	4.28	187.37	1.00	64.28	2763.71	-2785.50	2117.26
Fixation L	1	13	39416810	39716775	299965	759.60	567.24	20	26	-1	15.13	15.13
Saccade L	1	13	39716775	39850092	133317	751.14	559.59	720.54	246.96	3.57	100.52	1.00	26.76	1477.23	-1475.30	837.84
Fixation L	1	14	39850092	40016747	166655	719.04	228.61	7	30	-1	13.76	13.76
Saccade L	1	14	40016747	40083403	66656	715.05	217.88	704.15	88.14	1.16	62.16	1.00	17.37	915.73	-882.33	494.45
Fixation L	1	15	40083403	40883316	799913	699.28	62.04	10	31	-1	14.68	14.68
Saccade L	1	15	40883316	41016633	133317	693.99	61.81	860.50	632.13	6.83	144.94	1.00	51.22	1476.75	-2168.67	1197.41
Fixation L	1	16	41016633	41149951	133318	869.61	653.67	14	29	-1	17.32	17.32
Saccade L	1	16	41149951	41249933	99982	874.87	661.52	1153.75	721.46	2.80	141.94	1.00	27.99	2086.42	-2108.93	912.97
Fixation L	1	17	41249933	41516571	266638	1159.40	735.69	8	22	-1	17.12	17.12
Saccade L	1	17	41516571	41549904	33333	1162.12	743.91	809.55	735.06	1.77	196.05	1.00	53.01	2926.03	-2905.45	2015.77
Fixation L	1	18	41549904	41716551	166647	786.95	729.26	29	18	-1	16.62	16.62
Saccade L	1	18	41716551	41749883	33332	782.92	717.89	781.20	713.82	0.21	14.95	1.00	6.15	142.68	10.42	57.26
Fixation L	1	19	41749883	41916530	166647	777.83	684.20	5	43	-1	16.53	16.53
Saccade L	1	19	41916530	42049856	133326	775.96	672.81	767.28	304.05	4.10	109.19	0.75	30.74	1603.35	-1591.31	779.90
Fixation L	1	20	42049856	42816425	766569	753.23	297.39	20	22	-1	15.95	15.95
Saccade L	1	20	42816425	42849769	33344	760.29	309.24	772.26	321.39	0.15	9.49	1.00	4.56	106.70	-56.31	57.50
Fixation L	1	21	42849769	42949755	99986	777.24	322.20	14	12	-1	16.73	16.73
Saccade L	1	21	42949755	43016408	66653	785.57	328.48	684.35	482.40	1.57	70.05	0.50	23.50	964.67	-999.18	712.94
Fixation L	1	22	43016408	43449689	433281	681.42	497.03	6	32	-1	15.57	15.57
Saccade L	1	22	43449689	43516350	66661	677.86	512.76	1071.51	900.28	4.38	297.28	1.00	65.64	4417.16	-4379.41	2250.96
Fixation L	1	23	43516350	43583009	66659	1086.00	912.80	25	21	-1	17.13	17.13
Saccade L	1	23	43583009	43616339	33330	1097.31	916.53	1104.53	920.89	0.23	15.40	1.00	6.83	-24.67	-160.63	78.89
Fixation L	1	24	43616339	43716329	99990	1108.04	919.90	7	2	-1	17.37	17.37
Blink L	1	1	43749656	43849649	99993
Saccade L	1	24	43849649	43949634	99985	1095.70	954.61	1106.04	965.18	40.14	802.01	1.00	401.50	11917.51	-11984.56	7216.79
Fixation L	1	25	43949634	44016299	66665	1110.89	968.97	9	6	-1	17.13	17.13
Saccade L	1	25	44016299	44116284	99985	1116.01	971.35	686.25	445.25	6.51	200.74	0.67	65.09	2965.46	-2935.99	1959.66
Fixation L	1	26	44116284	44582898	466614	697.13	442.69	25	19	-1	13.30	13.30
Saccade L	1	26	44582898	44616226	33328	712.02	433.07	713.65	428.14	0.08	4.09	1.00	2.34	14.66	-20.40	17.71
Fixation L	1	27	44616226	46382696	1766470	712.04	431.25	12	15	-1	12.13	12.13
Blink L	1	2	46416025	46516017	99992
Fixation L	1	28	46516017	46782656	266639	714.76	441.04	9	7	-1	13.11	13.11
Blink L	1	3	46849311	47782543	933232
Saccade L	1	27	47782543	47815868	33325	725.21	904.28	741.25	663.81	6.57	637.64	0.00	197.11	2010.74	-9313.25	4386.89
Fixation L	1	29	47815868	47882530	66662	738.07	650.66	6	29	-1	13.63	13.63
Saccade L	1	28	47882530	47915863	33333	734.61	654.35	754.92	663.81	0.38	16.76	1.00	11.36	-7.36	-104.73	58.81
Fixation L	1	30	47915863	48015848	99985	769.29	669.89	26	9	-1	13.90	13.90
Blink L	1	4	48049181	48982412	933231
Saccade L	1	29	48982412	49015741	33329	803.26	721.03	766.76	435.56	6.32	594.66	0.00	189.50	2400.55	-8870.32	4542.22
Fixation L	1	31	49015741	49249043	233302	751.22	440.02	39	9	-1	12.92	12.92
Saccade L	1	30	49249043	49282378	33335	727.51	437.75	723.76	437.89	0.10	7.46	1.00	3.00	14.16	-80.54	32.27
Fixation L	1	32	49282378	49748987	466609	710.83	422.11	23	26	-1	12.05	12.05
Blink L	1	5	49882306	65980513	16098207
Fixation L	1	33	66080502	68613549	2533047	702.43	407.00	22	24	-1	12.05	12.05
Saccade L	1	31	68613549	68946850	333301	710.04	414.94	642.95	401.34	23.26	295.37	0.90	69.78	4388.76	-4416.37	1802.26
Fixation L	1	34	68946850	69046835	99985	644.69	401.03	3	3	-1	13.46	13.46
Saccade L	1	32	69046835	69080171	33336	645.87	400.20	703.11	400.99	0.39	31.86	1.00	11.55	435.02	-327.16	304.97
Fixation L	1	35	69080171	71013283	1933112	718.33	411.93	23	17	-1	12.97	12.97
Saccade L	1	33	71013283	71046613	33330	707.46	415.53	473.64	710.14	1.86	209.04	1.00	55.89	3109.41	-3107.97	2120.08
Fixation L	1	36	71046613	71313246	266633	466.06	727.76	10	24	-1	15.25	15.25
Fixation L	1	37	71679893	72379798	699905	721.19	412.98	30	18	-1	12.86	12.86
Saccade L	1	34	72379798	72413122	33324	726.83	411.25	735.69	399.59	0.13	8.15	1.00	3.80	110.04	-66.99	87.08
Fixation L	1	38	72413122	72613104	199982	745.93	385.70	21	25	-1	13.71	13.71
Saccade L	1	35	72613104	72646438	33334	754.05	373.73	761.20	368.83	0.12	5.92	1.00	3.66	-16.47	-50.01	32.38
Fixation L	1	39	72646438	73013065	366627	764.98	365.84	17	12	-1	13.66	13.66
Saccade L	1	36	73013065	73046390	33325	752.95	373.95	743.47	387.21	0.20	9.07	1.00	6.02	61.63	-111.66	71.37
Fixation L	1	40	73046390	73313025	266635	730.63	401.46	22	26	-1	14.03	14.03
Saccade L	1	37	73313025	73346359	33334	720.91	413.22	718.80	414.97	0.05	2.40	1.00	1.41	-6.67	-17.39	12.36
Fixation L	1	41	73346359	74879516	1533157	707.36	422.47	19	20	-1	13.90	13.90
Blink L	1	6	74912847	84145149	9232302
Fixation L	1	42	84145149	84311798	166649	697.56	414.48	9	7	-1	17.48	17.48
Blink L	1	7	84345132	115108370	30763238
Fixation L	1	43	115108370	115241685	133315	699.20	449.38	20	20	-1	17.76	17.76
Saccade L	1	38	115241685	115275014	33329	702.03	455.81	707.41	463.14	0.09	5.06	1.00	2.68	43.20	-52.04	31.94
Fixation L	1	44	115275014	115941606	666592	720.98	457.09	22	24	-1	14.25	14.25
Saccade L	1	39	115941606	115974965	33359	730.33	439.92	734.24	440.22	0.06	2.31	0.00	1.78	15.98	-13.59	13.88
Fixation L	1	45	115974965	117974714	1999749	721.20	442.75	20	21	-1	13.86	13.86
Blink L	1	8	118008040	118174691	166651
Blink L	1	9	118208016	119174579	966563
Fixation L	1	46	119574534	119774513	199979	640.84	958.59	34	15	-1	17.00	17.00
Saccade L	1	40	119774513	119907825	133312	651.36	952.92	677.89	457.95	6.02	145.80	0.50	45.16	2137.50	-1923.96	1177.71
Fixation L	1	47	119907825	120141136	233311	689.72	446.40	23	23	-1	14.73	14.73
Saccade L	1	41	120141136	120174468	33332	701.83	436.20	702.96	430.95	0.10	4.42	1.00	2.85	-21.54	-35.18	27.40
Fixation L	1	48	120174468	121041038	866570	714.84	416.95	17	19	-1	12.68	12.68
Blink L	1	10	121074365	121241012	166647
Saccade L	1	42	121241012	121274338	33326	717.88	334.42	721.45	412.46	4.03	438.31	0.00	120.88	652.04	-6548.96	2608.17
Fixation L	1	49	121274338	123374106	2099768	718.02	407.72	19	27	-1	13.38	13.38
Saccade L	1	43	123374106	123407438	33332	718.66	428.81	721.39	496.07	0.51	37.46	1.00	15.19	548.41	-429.39	332.28
Fixation L	1	50	123407438	123507429	99991	723.77	519.05	7	38	-1	14.08	14.08
Saccade L	1	44	123507429	123540761	33332	728.41	534.44	730.44	537.03	0.12	8.83	1.00	3.59	-8.88	-105.07	50.81
Fixation L	1	51	123540761	123674078	133317	733.20	536.62	10	2	-1	14.26	14.26
Saccade L	1	45	123674078	123707406	33328	740.04	535.03	725.11	455.70	0.50	44.92	1.00	14.91	630.13	-592.68	436.52
Fixation L	1	52	123707406	123907379	199973	716.07	434.09	18	30	-1	13.79	13.79
Saccade L	1	46	123907379	123940714	33335	706.74	425.30	704.12	424.09	0.05	3.58	0.00	1.55	21.56	-41.14	24.94
Fixation L	1	53	123940714	125607190	1666476	716.19	410.40	22	18	-1	13.39	13.39
Blink L	1	11	125640525	125773842	133317
Fixation L	1	54	125773842	129273450	3499608	720.74	410.03	26	22	-1	12.70	12.70
Saccade L	1	47	129273450	129306770	33320	704.43	395.62	699.06	397.67	0.08	3.20	1.00	2.54	10.18	-15.96	12.99
Fixation L	1	55	129306770	130473311	1166541	706.87	404.86	25	13	-1	13.56	13.56
Blink L	1	12	130739954	131673178	933224
Saccade L	1	48	131673178	131739842	66664	606.10	140.29	650.17	231.63	5.45	345.03	0.00	81.74	594.37	-4923.35	1546.87
Fixation L	1	56	131739842	131839831	99989	653.46	244.54	19	29	-1	14.73	14.73
Saccade L	1	49	131839831	131873165	33334	665.02	260.97	684.15	360.24	0.70	56.26	1.00	21.02	775.64	-798.78	533.11
Fixation L	1	57	131873165	132073136	199971	708.48	363.50	35	9	-1	14.40	14.40
Saccade L	1	50	132073136	132106468	33332	719.79	368.91	724.74	369.96	0.06	2.82	1.00	1.84	24.88	-31.45	20.28
Fixation L	1	58	132106468	132239783	133315	725.65	383.65	2	38	-1	13.12	13.12
Saccade L	1	51	132239783	132273113	33330	725.64	408.45	723.42	418.27	0.22	10.90	1.00	6.72	-77.23	-97.55	84.73
Fixation L	1	59	132273113	134072911	1799798	717.34	421.56	13	31	-1	12.70	12.70
Fixation L	1	60	134172901	135039474	866573	725.82	414.30	17	27	-1	12.66	12.66
Blink L	1	13	135072806	135506087	433281
Blink L	1	14	135539416	138305769	2766353
Fixation L	1	61	138305769	138372438	66669	727.06	386.99	4	10	-1	17.24	17.24
Saccade L	1	52	138372438	138472430	99992	729.49	383.06	724.05	371.35	15.75	455.82	0.33	157.53	6755.99	-6760.10	5324.34
Fixation L	1	62	138472430	138539090	66660	719.40	397.63	8	40	-1	16.49	16.49
Saccade L	1	53	138539090	138572418	33328	715.84	409.84	712.55	394.55	0.32	22.69	1.00	9.47	45.82	-209.68	125.41
Fixation L	1	63	138572418	138672404	99986	711.96	400.19	1	9	-1	14.38	14.38
Blink L	1	15	138705732	149004583	10298851
Fixation L	1	64	149004583	149071244	66661	625.46	419.26	9	19	-1	18.67	18.67
Saccade L	1	54	149071244	149137928	66684	631.79	411.56	735.47	435.96	1.15	37.20	0.50	17.30	418.38	-432.96	311.09
Fixation L	1	65	149137928	149271222	133294	731.43	450.89	17	31	-1	17.14	17.14
Blink L	1	16	149337876	172435300	23097424
Fixation L	1	66	172435300	172501959	66659	700.91	422.87	13	34	-1	17.91	17.91
Saccade L	1	55	172501959	172535297	33338	698.26	405.98	699.56	400.47	0.29	12.28	1.00	8.80	20.78	-136.94	58.56
Fixation L	1	67	172535297	172968571	433274	696.51	380.25	11	28	-1	14.11	14.11
Saccade L	1	56	172968571	173001907	33336	688.54	371.95	681.11	368.43	0.08	4.57	1.00	2.41	57.85	-34.85	46.02
Fixation L	1	68	173001907	173201901	199994	669.19	369.56	26	20	-1	13.36	13.36
Blink L	1	17	173601848	174568402	966554
Saccade L	1	57	174568402	174601730	33328	690.76	440.13	700.00	408.19	3.97	453.15	0.00	119.14	277.56	-6723.59	2403.51
Fixation L	1	69	174601730	175134996	533266	701.99	407.51	16	32	-1	14.51	14.51
Saccade L	1	58	175134996	175168334	33338	710.33	414.25	711.98	414.29	0.04	1.97	0.00	1.21	-5.82	-25.31	14.01
Fixation L	1	70	175168334	177768045	2599711	708.22	412.68	20	24	-1	11.54	11.54
Fixation L	1	71	178567949	178634611	66662	832.03	791.64	24	0	-1	13.30	13.30
Saccade L	1	59	178634611	178701272	66661	840.57	791.52	703.20	476.90	2.87	152.84	1.00	43.02	2284.82	-2111.41	1297.65
Fixation L	1	72	178701272	178967906	266634	711.31	476.97	15	27	-1	11.99	11.99
Saccade L	1	60	178967906	179001234	33328	708.50	461.36	706.03	443.98	0.24	13.77	0.00	7.28	125.54	-143.67	129.48
Fixation L	1	73	179001234	179734487	733253	710.31	419.50	6	40	-1	11.94	11.94
Saccade L	1	61	179734487	179767818	33331	712.53	403.75	716.11	403.91	0.06	2.34	0.00	1.90	-1.62	-24.06	14.51
Fixation L	1	74	179767818	180534393	766575	716.46	406.07	7	14	-1	12.64	12.64
Blink L	1	18	180567725	180734373	166648
Saccade L	1	62	180734373	180801036	66663	218.45	985.83	252.97	906.20	8.56	556.98	0.00	128.44	556.10	-7744.60	2299.39
Fixation L	1	75	180801036	180901021	99985	258.60	902.08	18	8	-1	14.49	14.49
Fixation L	1	76	181334317	181500957	166640	675.28	398.77	38	4	-1	13.01	13.01
Saccade L	1	63	181500957	181534301	33344	698.99	399.49	710.21	398.82	0.23	15.08	1.00	7.01	-25.39	-132.36	80.99
Fixation L	1	77	181534301	182734153	1199852	714.89	401.40	14	12	-1	12.51	12.51
Blink L	1	19	182767485	182900799	133314
Saccade L	1	64	182900799	182934127	33328	715.01	327.70	713.50	372.68	3.92	435.34	0.00	117.60	375.64	-6380.01	2372.47
Fixation L	1	78	182934127	183734038	799911	716.37	397.26	15	33	-1	13.64	13.64
Saccade L	1	65	183734038	183767375	33337	724.24	406.41	725.42	407.64	0.03	1.41	1.00	0.93	10.81	-8.38	7.76
Fixation L	1	79	183767375	185900468	2133093	718.89	407.22	15	19	-1	13.65	13.65
Blink L	1	20	185933792	186100442	166650
Saccade L	1	66	186100442	186133772	33330	709.55	326.72	711.77	397.85	3.96	432.40	0.00	118.81	593.94	-6437.45	2539.64
Fixation L	1	80	186133772	188033562	1899790	710.25	408.24	12	19	-1	12.84	12.84
Blink L	1	21	188066892	188166878	99986
Saccade L	1	67	188166878	188233537	66659	704.48	714.05	706.22	400.16	10.19	553.36	0.00	152.81	2824.24	-8058.93	3459.42
Fixation L	1	81	188233537	189433403	1199866	704.61	410.02	31	17	-1	12.85	12.85
Saccade L	1	68	189433403	189466732	33329	719.69	417.86	720.31	418.67	0.03	1.74	1.00	0.91	5.69	-17.57	10.19
Fixation L	1	82	189466732	190133327	666595	715.85	416.37	12	4	-1	13.60	13.60
Blink L	1	22	190200006	190299971	99965
Saccade L	1	69	190299971	190333303	33332	702.00	363.89	708.33	410.56	3.88	437.63	0.00	116.43	393.11	-6536.58	2417.55
Fixation L	1	83	190333303	193632942	3299639	717.34	417.60	20	17	-1	13.56	13.56
Blink L	1	23	193666263	193766256	99993
Saccade L	1	70	193766256	193799577	33321	711.41	639.39	708.90	362.87	5.90	528.09	0.00	176.92	2306.73	-7534.35	4046.46
Fixation L	1	84	193799577	194099552	299975	707.84	400.38	2	46	-1	13.06	13.06
Saccade L	1	71	194099552	194132881	33329	706.29	402.37	710.01	402.90	0.05	2.09	1.00	1.48	24.16	-21.96	16.23
Fixation L	1	85	194132881	194999446	866565	706.67	408.18	11	10	-1	12.00	12.00
Blink L	1	24	195032776	226795903	31763127
Saccade L	1	72	226795903	226862565	66662	684.13	376.85	694.27	376.84	6.68	432.35	0.00	100.21	504.01	-5985.16	1845.57
Fixation L	1	86	226862565	227862448	999883	700.00	390.44	14	32	-1	10.47	10.47
Blink L	1	25	227895778	235528260	7632482
Fixation L	1	87	235528260	235661587	133327	641.81	434.36	11	27	-1	17.36	17.36
Saccade L	1	73	235661587	235694911	33324	650.66	442.25	670.20	440.78	0.30	15.54	1.00	8.89	139.17	-107.00	122.44
Fixation L	1	88	235694911	235761578	66667	690.71	437.45	33	6	-1	15.20	15.20
Saccade L	1	74	235761578	235794901	33323	704.00	434.29	711.90	429.12	0.23	15.54	1.00	6.94	-8.61	-154.34	63.21
Fixation L	1	89	235794901	238094639	2299738	716.62	441.29	15	34	-1	13.66	13.66
Saccade L	1	75	238094639	238127970	33331	716.15	440.41	723.23	441.36	0.08	3.97	1.00	2.33	41.27	-53.42	40.01
Fixation L	1	90	238127970	240294387	2166417	717.72	455.34	11	24	-1	14.73	14.73
Blink L	1	26	240327727	240461042	133315
Saccade L	1	76	240461042	240494377	33335	714.71	394.22	716.51	460.27	4.08	451.60	0.00	122.48	551.49	-6750.60	2605.83
Fixation L	1	91	240494377	242760785	2266408	714.95	460.67	24	14	-1	15.10	15.10
Saccade L	1	77	242760785	242860782	99997	716.28	455.35	17.10	450.93	6.65	210.28	0.33	66.54	3127.15	-2670.83	2101.20
Fixation L	1	92	242860782	242927439	66657	14.88	446.96	4	7	-1	14.62	14.62
Fixation L	1	93	243394053	243460711	66658	1096.24	159.99	6	8	-1	14.57	14.57
Fixation L	1	94	246360388	246527040	166652	1119.86	505.22	20	6	-1	14.50	14.50
Blink L	1	27	246560361	248226845	1666484
Saccade L	1	78	248226845	248260177	33332	900.32	875.21	836.92	535.12	7.49	689.34	0.00	224.83	2884.70	-10074.81	5272.13
Fixation L	1	95	248260177	248360170	99993	822.55	515.79	20	26	-1	13.28	13.28
Saccade L	1	79	248360170	248460154	99984	817.25	508.65	750.04	458.96	1.12	27.42	0.67	11.22	393.36	-238.32	217.36
Fixation L	1	96	248460154	248593473	133319	743.22	445.44	12	22	-1	12.55	12.55
Saccade L	1	80	248593473	248626801	33328	741.37	436.28	731.65	427.17	0.16	7.41	1.00	4.85	8.29	-65.10	35.82
Fixation L	1	97	248626801	248926770	299969	720.21	416.49	23	23	-1	11.16	11.16
Saccade L	1	81	248926770	248960097	33327	708.56	404.75	704.63	403.22	0.06	2.34	1.00	1.71	0.24	-13.68	5.39
Fixation L	1	98	248960097	255226064	6265967	700.08	401.65	21	22	-1	11.53	11.53
Blink L	1	28	255259394	255426038	166644
Blink L	1	29	255459371	277556909	22097538
Saccade L	1	82	277556909	277623565	66656	686.72	502.25	678.55	376.18	1.85	52.31	1.00	27.82	580.49	-589.98	471.04
Fixation L	1	99	277623565	277756881	133316	673.91	393.23	7	28	-1	16.17	16.17
Saccade L	1	83	277756881	277790216	33335	673.89	405.17	675.65	428.05	0.15	12.77	1.00	4.51	168.82	-183.46	122.59
Fixation L	1	100	277790216	278523465	733249	697.77	423.67	33	14	-1	13.23	13.23
Blink L	1	30	278590126	295188274	16598148
Fixation L	1	101	295188274	295254935	66661	619.60	432.70	8	9	-1	18.55	18.55
Saccade L	1	84	295254935	295288257	33322	622.95	433.04	661.35	438.51	0.31	21.58	1.00	9.18	224.10	-207.97	154.84
Fixation L	1	102	295288257	295688217	399960	682.03	446.49	34	14	-1	15.07	15.07
Saccade L	1	85	295688217	295721547	33330	696.30	451.42	698.40	450.21	0.05	2.04	0.00	1.48	4.01	-9.15	4.89
Fixation L	1	103	295721547	304153940	8432393	714.11	450.00	26	23	-1	13.98	13.98
Saccade L	1	86	304153940	304187273	33333	708.51	446.64	697.90	449.72	0.11	6.15	1.00	3.26	73.73	-75.41	59.42
Fixation L	1	104	304187273	305620443	1433170	709.24	443.21	32	16	-1	14.06	14.06
Saccade L	1	87	305620443	305653766	33323	713.82	433.60	716.45	431.84	0.04	1.86	0.00	1.26	11.84	-21.91	18.29
Fixation L	1	105	305653766	312053052	6399286	713.77	423.97	18	29	-1	13.29	13.29
Saccade L	1	88	312053052	312086385	33333	703.93	410.89	700.08	412.78	0.10	3.96	1.00	2.95	21.60	-17.78	15.84
Fixation L	1	106	312086385	313652882	1566497	707.84	411.85	25	6	-1	12.46	12.46
Blink L	1	31	313686205	313786194	99989
Saccade L	1	89	313786194	313819522	33328	704.78	660.80	704.81	370.55	5.93	533.30	0.00	177.92	2420.96	-7745.01	4175.52
Fixation L	1	107	313819522	313886184	66662	713.15	390.91	15	32	-1	11.23	11.23
Saccade L	1	90	313886184	313919518	33334	720.62	402.55	726.84	400.69	0.24	16.97	1.00	7.09	-3.92	-200.32	82.22
Fixation L	1	108	313919518	314819411	899893	716.08	405.19	24	20	-1	11.18	11.18
Blink L	1	32	314852740	355481543	40628803
Fixation L	1	109	355481543	355548208	66665	570.72	420.94	12	9	-1	18.67	18.67
Saccade L	1	91	355548208	355581533	33325	577.95	422.41	494.74	421.75	0.48	46.30	1.00	14.45	610.49	-625.86	433.02
Fixation L	1	110	355581533	355748186	166653	485.38	420.94	24	6	-1	16.59	16.59
Saccade L	1	92	355748186	355781514	33328	470.09	424.18	260.93	444.44	1.10	116.89	1.00	32.95	1719.08	-1704.34	1154.10
Fixation L	1	111	355781514	356014814	233300	261.64	463.82	12	34	-1	14.93	14.93
Saccade L	1	93	356014814	356114803	99989	269.18	479.39	476.40	484.82	2.16	114.63	1.00	21.64	1694.06	-1684.15	696.25
Fixation L	1	112	356114803	356248125	133322	474.74	484.89	9	2	-1	14.16	14.16
Saccade L	1	94	356248125	356314781	66656	479.10	486.59	613.44	490.79	1.11	52.53	0.50	16.72	770.97	-708.90	520.88
Fixation L	1	113	356314781	356414770	99989	621.29	494.97	13	9	-1	14.21	14.21
Saccade L	1	95	356414770	356481429	66659	626.53	500.53	631.78	516.09	1.34	46.66	0.50	20.13	671.79	-554.24	555.73
Fixation L	1	114	356481429	356648088	166659	640.10	509.35	30	18	-1	13.94	13.94
Saccade L	1	96	356648088	356681410	33322	660.03	516.96	667.51	516.28	0.15	7.39	0.00	4.43	-15.05	-96.47	42.37
Fixation L	1	115	356681410	356881392	199982	680.40	505.61	25	24	-1	13.65	13.65
Saccade L	1	97	356881392	356914713	33321	690.74	492.17	694.61	498.74	0.13	7.11	0.00	3.99	28.10	-73.03	34.75
Fixation L	1	116	356914713	357181358	266645	701.24	501.49	12	16	-1	13.61	13.61
Saccade L	1	98	357181358	357214682	33324	704.15	506.08	651.52	464.14	0.51	37.45	1.00	15.16	512.70	-240.26	325.83
Fixation L	1	117	357214682	357314671	99989	647.19	458.73	7	38	-1	13.10	13.10
Saccade L	1	99	357314671	357348002	33331	648.95	464.81	631.53	445.54	0.37	21.43	1.00	11.15	-14.30	-178.44	99.14
Fixation L	1	118	357348002	357814617	466615	625.93	428.28	15	32	-1	13.12	13.12
Saccade L	1	100	357814617	357847943	33326	619.64	413.49	615.93	420.66	0.08	4.49	1.00	2.26	59.84	0.00	29.92
Fixation R	1	1	35617227	35783882	166655	1081.81	683.43	2	1	-1	16.27	16.27
Saccade R	1	1	35783882	35883866	99984	1083.07	683.81	689.02	522.95	4.24	162.26	0.67	42.43	2425.32	-2362.23	1297.83
Fixation R	1	2	35883866	36283812	399946	671.19	525.55	25	11	-1	15.94	15.94
Saccade R	1	2	36283812	36350480	66668	663.69	528.66	986.55	759.94	3.24	172.38	0.50	48.67	2525.89	-2537.37	1680.44
Fixation R	1	3	36350480	36683782	333302	986.84	751.02	13	16	-1	15.72	15.72
Saccade R	1	3	36683782	36750442	66660	990.33	744.06	739.25	328.58	3.81	141.98	1.00	57.11	2117.94	-2085.83	1973.57
Fixation R	1	4	36750442	36917091	166649	720.48	313.94	30	19	-1	14.41	14.41
Saccade R	1	4	36917091	36950419	33328	709.02	309.25	705.85	310.60	0.09	5.41	1.00	2.77	25.46	-52.36	26.14
Fixation R	1	5	36950419	37183724	233305	707.38	313.20	13	33	-1	13.74	13.74
Saccade R	1	5	37183724	37217071	33347	715.31	336.38	718.02	350.81	0.29	13.44	1.00	8.74	15.29	-79.01	43.01
Fixation R	1	6	37217071	37383703	166632	718.09	354.34	25	23	-1	14.19	14.19
Saccade R	1	6	37383703	37417036	33333	735.74	364.43	748.14	368.76	0.17	12.15	0.00	5.22	97.16	-173.48	108.63
Fixation R	1	7	37417036	37650340	233304	758.03	376.83	21	20	-1	14.76	14.76
Saccade R	1	7	37650340	37883651	233311	769.54	388.31	75.35	-3.90	13.57	190.65	0.29	58.18	2805.69	-1869.98	1027.68
Fixation R	1	8	37883651	37950307	66656	78.09	-25.74	5	41	-1	12.71	12.71
Blink R	1	1	38216943	38316932	99989
Fixation R	1	9	38316932	38383597	66665	253.67	610.28	4	25	-1	15.17	15.17
Blink R	1	2	38416929	38616895	199966
Saccade R	1	8	38616895	38683558	66663	343.49	857.73	1291.71	665.60	14.09	510.38	0.00	211.43	5724.02	-5623.34	4726.46
Fixation R	1	10	38683558	38750215	66657	1292.19	661.23	6	11	-1	15.60	15.60
Saccade R	1	9	38750215	38850207	99992	1289.22	663.91	1236.10	86.91	5.73	141.48	0.67	57.30	2025.08	-2020.57	1561.17
Fixation R	1	11	38850207	39183498	333291	1227.03	85.48	11	15	-1	13.94	13.94
Saccade R	1	10	39183498	39250162	66664	1226.17	98.45	1340.99	623.35	4.20	216.09	0.50	62.98	3231.10	-3139.43	2164.03
Fixation R	1	12	39250162	39350149	99987	1346.99	623.69	10	10	-1	14.44	14.44
Saccade R	1	11	39350149	39416810	66661	1346.19	628.03	720.97	532.44	4.88	272.09	1.00	73.24	4050.59	-4007.06	2573.93
Fixation R	1	13	39416810	39583455	166645	716.31	531.54	6	33	-1	14.70	14.70
Saccade R	1	12	39583455	39650114	66659	714.25	553.59	714.24	539.68	0.88	26.39	1.00	13.27	202.80	-371.97	252.48
Fixation R	1	14	39650114	39783435	133321	712.14	542.19	3	5	-1	14.13	14.13
Saccade R	1	13	39783435	39850092	66657	712.42	545.46	682.60	251.36	2.36	82.42	1.00	35.47	1222.78	-1096.18	1150.78
Fixation R	1	15	39850092	39916750	66658	685.60	234.94	5	32	-1	13.89	13.89
Saccade R	1	14	39916750	39950085	33335	685.63	218.47	679.93	202.89	0.27	9.69	1.00	8.20	-6.96	-72.21	35.59
Fixation R	1	16	39950085	40016747	66662	680.61	200.17	13	5	-1	13.60	13.60
Saccade R	1	15	40016747	40083403	66656	674.41	197.72	684.43	57.73	1.25	58.35	1.00	18.80	764.47	-805.26	511.97
Fixation R	1	17	40083403	40883316	799913	691.88	53.51	36	12	-1	14.77	14.77
Saccade R	1	16	40883316	41016633	133317	719.64	58.92	875.56	662.26	7.55	154.65	1.00	56.65	1535.09	-2242.35	1179.53
Fixation R	1	18	41016633	41149951	133318	882.08	679.85	20	23	-1	17.21	17.21
Saccade R	1	17	41149951	41249933	99982	874.32	685.44	1148.29	767.15	2.98	129.35	1.00	29.81	1873.75	-1877.70	933.99
Fixation R	1	19	41249933	41516571	266638	1153.58	773.68	7	9	-1	16.81	16.81
Saccade R	1	18	41516571	41583252	66681	1153.68	776.58	730.80	752.90	3.30	178.67	0.50	49.47	2644.16	-2544.94	1683.31
Fixation R	1	20	41583252	41749883	166631	723.19	739.78	16	28	-1	17.03	17.03
Saccade R	1	19	41749883	41783209	33326	720.22	724.55	723.50	712.10	0.17	7.17	1.00	5.23	73.94	33.66	55.31
Fixation R	1	21	41783209	41883203	99994	732.32	697.84	23	25	-1	16.85	16.85
Saccade R	1	20	41883203	42049856	166653	728.09	686.23	730.32	283.14	5.22	124.41	0.80	31.30	1772.05	-1819.86	743.47
Fixation R	1	22	42049856	42716437	666581	713.74	286.08	33	13	-1	15.88	15.88
Saccade R	1	21	42716437	42749766	33329	738.15	296.75	751.02	325.48	0.35	17.52	1.00	10.62	238.69	-191.80	190.22
Fixation R	1	23	42749766	42949755	199989	752.44	343.97	15	27	-1	16.75	16.75
Saccade R	1	22	42949755	43016408	66653	757.06	348.75	677.97	480.85	1.49	68.72	0.50	22.31	1021.22	-968.86	694.96
Fixation R	1	24	43016408	43116397	99989	686.74	489.31	29	16	-1	16.01	16.01
Saccade R	1	23	43116397	43149727	33330	694.58	497.83	693.58	501.81	0.21	16.76	1.00	6.23	-0.83	-217.15	92.98
Fixation R	1	25	43149727	43483020	333293	692.98	512.64	11	38	-1	15.70	15.70
Saccade R	1	24	43483020	43516350	33330	700.36	539.82	1116.63	909.50	2.79	308.97	1.00	83.83	4607.06	-4614.45	3079.53
Fixation R	1	26	43516350	43716329	199979	1116.61	926.16	9	22	-1	16.89	16.89
Blink R	1	3	43749656	44049624	299968
Saccade R	1	25	44049624	44116284	66660	936.30	754.47	676.98	404.19	12.28	660.88	0.00	184.22	2826.10	-9060.31	3828.68
Fixation R	1	27	44116284	44616226	499942	664.30	409.28	34	11	-1	12.90	12.90
Saccade R	1	26	44616226	44649556	33330	682.50	408.06	686.76	408.51	0.07	3.17	0.00	2.14	22.43	-15.87	16.95
Fixation R	1	28	44649556	45982741	1333185	684.09	406.21	32	16	-1	11.51	11.51
Saccade R	1	27	45982741	46016070	33329	664.20	395.21	663.70	393.48	0.09	7.11	1.00	2.73	3.96	-91.73	34.72
Fixation R	1	29	46016070	46382696	366626	663.27	387.82	6	9	-1	11.78	11.78
Saccade R	1	28	46382696	46482686	99990	667.16	383.85	671.48	382.75	23.54	685.31	0.67	235.45	10250.37	-10200.62	6646.25
Fixation R	1	30	46482686	46782656	299970	676.86	396.91	10	20	-1	11.88	11.88
Blink R	1	4	46849311	47815868	966557
Saccade R	1	29	47815868	47849205	33337	726.73	702.43	755.93	683.52	4.90	557.50	0.00	147.13	290.36	-8187.73	2911.13
Fixation R	1	31	47849205	48015848	166643	762.55	669.29	9	22	-1	12.94	12.94
Blink R	1	5	48049181	48982412	933231
Saccade R	1	30	48982412	49015741	33329	820.24	693.49	766.01	431.74	6.28	591.81	0.00	188.42	2229.94	-8679.26	4355.66
Fixation R	1	32	49015741	49149058	133317	746.00	429.78	30	9	-1	12.12	12.12
Saccade R	1	31	49149058	49182391	33333	735.96	425.97	726.56	412.31	0.19	9.23	1.00	5.61	66.84	0.87	27.47
Fixation R	1	33	49182391	49648997	466606	719.81	406.25	30	17	-1	11.65	11.65
Saccade R	1	32	49648997	49682329	33332	704.39	399.47	703.21	397.48	0.11	6.34	0.00	3.41	-14.98	-79.97	50.26
Fixation R	1	34	49682329	49848982	166653	707.92	397.38	19	4	-1	10.77	10.77
Blink R	1	6	49882306	65980513	16098207
Fixation R	1	35	65980513	68613549	2633036	692.76	404.24	29	17	-1	12.29	12.29
Saccade R	1	33	68813532	68946850	133318	-16.29	275.81	666.87	398.04	11.11	292.95	0.75	83.32	4253.51	-4300.41	1798.91
Fixation R	1	36	68946850	69013509	66659	652.63	391.72	31	15	-1	12.61	12.61
Saccade R	1	34	69013509	69080171	66662	634.93	382.20	730.71	393.34	1.32	54.96	1.00	19.79	618.45	-766.33	432.89
Fixation R	1	37	69080171	69146827	66656	703.17	394.89	43	4	-1	12.45	12.45
Saccade R	1	35	69146827	69180152	33325	686.91	398.10	685.21	394.53	0.27	21.62	1.00	8.24	138.95	-291.23	150.52
Fixation R	1	38	69180152	70746653	1566501	695.70	402.16	29	18	-1	12.45	12.45
Saccade R	1	36	70746653	70779973	33320	697.83	413.39	693.98	415.19	0.05	2.36	1.00	1.60	16.91	-2.49	7.17
Fixation R	1	39	70779973	71013283	233310	695.47	417.54	5	3	-1	13.71	13.71
Saccade R	1	37	71013283	71046613	33330	697.54	418.15	533.79	705.70	1.64	183.97	1.00	49.27	2747.34	-2613.07	1831.25
Fixation R	1	40	71046613	71113270	66657	524.30	720.06	22	25	-1	14.63	14.63
Saccade R	1	38	71113270	71146611	33341	511.54	730.81	501.17	730.79	0.24	10.59	1.00	7.13	-65.91	-110.54	82.92
Fixation R	1	41	71146611	71313246	166635	499.81	729.20	6	7	-1	14.52	14.52
Saccade R	1	39	71446567	71679893	233326	146.03	967.48	723.70	413.67	47.76	540.00	0.00	204.70	8099.93	-8099.93	3555.48
Fixation R	1	42	71679893	71779868	99975	727.94	419.53	7	8	-1	12.38	12.38
Saccade R	1	40	71779868	71813193	33325	731.38	421.79	778.33	410.54	0.36	26.87	1.00	10.77	391.55	-327.95	303.77
Fixation R	1	43	71813193	71879850	66657	792.94	399.51	22	21	-1	11.33	11.33
Saccade R	1	41	71879850	71913187	33337	799.81	389.51	808.06	386.93	0.23	14.13	1.00	6.83	6.01	-139.75	56.74
Fixation R	1	44	71913187	72179818	266631	804.12	377.48	10	15	-1	11.35	11.35
Saccade R	1	42	72179818	72213149	33331	802.84	372.67	731.05	390.65	0.44	41.18	1.00	13.32	601.50	-496.23	415.16
Fixation R	1	45	72213149	72279807	66658	714.65	395.14	31	7	-1	12.89	12.89
Saccade R	1	43	72279807	72313139	33332	699.19	396.93	692.93	405.49	0.24	10.44	1.00	7.24	-23.26	-68.03	48.27
Fixation R	1	46	72313139	72379798	66659	685.82	402.02	13	7	-1	13.01	13.01
Saccade R	1	44	72379798	72413122	33324	679.31	397.73	731.22	373.67	0.50	31.84	1.00	15.13	409.55	-444.07	361.77
Fixation R	1	47	72413122	72513115	99993	755.30	369.46	35	7	-1	13.43	13.43
Saccade R	1	45	72513115	72613104	99989	761.03	366.25	707.65	352.91	0.83	26.40	1.00	8.33	286.81	-309.64	163.14
Fixation R	1	48	72613104	72713092	99988	726.31	352.91	45	3	-1	13.55	13.55
Saccade R	1	46	72713092	72746427	33335	753.39	351.45	769.22	345.89	0.40	20.24	0.00	12.00	53.69	-113.81	59.20
Fixation R	1	49	72746427	72813081	66654	788.88	340.70	37	9	-1	12.48	12.48
Saccade R	1	47	72813081	72846411	33330	806.34	336.53	813.52	333.68	0.29	12.65	1.00	8.73	9.55	-125.23	59.69
Fixation R	1	50	72846411	73013065	166654	816.98	334.18	30	16	-1	12.38	12.38
Saccade R	1	48	73013065	73079722	66657	798.75	345.50	719.56	373.70	0.93	43.65	1.00	13.98	529.76	-469.64	258.88
Fixation R	1	51	73079722	73346359	266637	708.07	382.70	27	22	-1	13.46	13.46
Saccade R	1	49	73346359	73379687	33328	703.00	392.83	702.15	394.81	0.07	2.82	1.00	2.05	-6.34	-24.26	13.67
Fixation R	1	52	73379687	74879516	1499829	702.85	399.15	17	10	-1	13.21	13.21
Blink R	1	7	74912847	84278472	9365625
Blink R	1	8	84311798	115075032	30763234
Fixation R	1	53	115075032	116441549	1366517	702.36	464.94	22	25	-1	15.21	15.21
Saccade R	1	50	116441549	116474879	33330	690.24	453.14	687.08	447.79	0.11	3.67	1.00	3.27	11.58	-30.09	14.96
Fixation R	1	54	116474879	118008040	1533161	694.10	452.87	15	32	-1	15.24	15.24
Blink R	1	9	118041398	119474542	1433144
Saccade R	1	51	119474542	119641193	166651	705.05	978.64	728.56	980.80	69.90	671.24	1.00	419.43	9898.65	-10063.75	4320.47
Fixation R	1	55	119641193	119774513	133320	729.38	980.50	11	1	-1	17.14	17.14
Saccade R	1	52	119774513	119874498	99985	735.72	980.76	731.34	464.23	4.94	177.79	0.67	49.36	2649.10	-2633.85	1504.33
Fixation R	1	56	119874498	120074475	199977	724.04	455.41	14	29	-1	14.93	14.93
Saccade R	1	53	120074475	120107837	33362	717.06	435.75	713.12	427.08	0.19	7.63	1.00	5.66	-12.75	-34.98	25.48
Fixation R	1	57	120107837	121041038	933201	705.37	415.89	12	19	-1	13.22	13.22
Blink R	1	10	121107696	121207688	99992
Saccade R	1	54	121207688	121241012	33324	734.38	356.90	710.12	406.10	4.05	451.76	0.00	121.68	457.93	-6709.86	2499.75
Fixation R	1	58	121241012	123340775	2099763	705.03	404.62	33	15	-1	14.21	14.21
Saccade R	1	55	123340775	123407438	66663	712.69	403.83	715.98	565.83	1.28	82.48	1.00	19.14	1217.71	-1216.77	651.70
Fixation R	1	59	123407438	123674078	266640	725.66	562.10	16	14	-1	14.96	14.96
Saccade R	1	56	123674078	123707406	33328	731.32	553.35	708.63	445.17	0.63	61.50	1.00	19.04	820.94	-856.24	591.09
Fixation R	1	60	123707406	123974040	266634	699.89	425.71	21	25	-1	14.44	14.44
Saccade R	1	57	123974040	124007374	33334	690.96	419.69	683.27	418.85	0.09	4.30	1.00	2.59	23.55	-52.38	36.46
Fixation R	1	61	124007374	125607190	1599816	692.39	410.97	28	13	-1	14.18	14.18
Saccade R	1	58	125740515	125773842	33327	706.25	334.67	699.20	416.21	4.01	432.61	0.00	120.41	683.09	-6436.79	2593.24
Fixation R	1	62	125773842	129106801	3332959	697.93	412.41	24	25	-1	13.57	13.57
Saccade R	1	59	129106801	129140131	33330	709.57	399.51	706.12	398.35	0.06	2.96	1.00	1.72	-10.51	-13.92	12.14
Fixation R	1	63	129140131	130473311	1333180	700.21	395.70	13	15	-1	14.08	14.08
Blink R	1	11	130606636	131673178	1066542
Saccade R	1	60	131673178	131706510	33332	689.56	111.72	676.20	189.60	3.76	387.09	0.00	112.95	659.54	-5494.94	2259.12
Fixation R	1	64	131706510	131773170	66660	682.15	214.20	11	37	-1	14.26	14.26
Saccade R	1	61	131773170	131873165	99995	687.31	226.71	684.66	325.97	1.39	47.37	1.00	13.85	683.14	-669.00	342.45
Fixation R	1	65	131873165	132006483	133318	692.03	325.32	20	17	-1	14.17	14.17
Saccade R	1	62	132006483	132039804	33321	705.51	334.96	730.32	331.56	0.26	13.94	1.00	7.76	119.87	-183.63	109.71
Fixation R	1	66	132039804	132173123	133319	733.96	335.70	7	10	-1	13.38	13.38
Saccade R	1	63	132173123	132206460	33337	732.11	342.46	713.01	359.25	0.24	14.15	1.00	7.27	208.43	-147.12	145.77
Fixation R	1	67	132206460	132439761	233301	710.53	381.57	7	36	-1	12.82	12.82
Saccade R	1	64	132439761	132473095	33334	707.93	395.41	702.61	399.00	0.09	3.57	1.00	2.65	15.05	-9.12	10.25
Fixation R	1	68	132473095	133073025	599930	709.90	404.19	31	17	-1	12.91	12.91
Saccade R	1	65	133073025	133106354	33329	707.65	394.76	701.99	392.70	0.08	3.87	1.00	2.32	-2.92	-33.09	14.62
Fixation R	1	69	133106354	134072911	966557	702.63	393.45	11	14	-1	12.63	12.63
Saccade R	1	66	134072911	134172901	99990	697.43	388.61	696.98	386.73	16.13	464.96	0.67	161.27	6962.00	-6956.10	5425.44
Fixation R	1	70	134172901	135039474	866573	710.55	400.06	28	20	-1	12.81	12.81
Blink R	1	12	135106131	148904591	13798460
Saccade R	1	67	148904591	149037913	133322	571.35	926.31	699.15	435.39	17.52	599.49	0.00	131.43	1523.84	-7364.90	1964.02
Fixation R	1	71	149037913	149104575	66662	706.51	443.83	21	20	-1	19.01	19.01
Saccade R	1	68	149104575	149137928	33353	720.37	456.17	722.58	477.17	0.33	14.48	0.00	9.76	137.57	-134.22	111.95
Fixation R	1	72	149137928	149271222	133294	735.63	488.28	18	19	-1	18.14	18.14
Blink R	1	13	149337876	172435300	23097424
Fixation R	1	73	172435300	172501959	66659	746.08	434.86	4	8	-1	18.53	18.53
Saccade R	1	69	172501959	172535297	33338	743.78	429.29	742.58	385.91	0.31	24.15	1.00	9.16	339.53	-284.81	215.69
Fixation R	1	74	172535297	172701936	166639	746.40	378.01	9	36	-1	15.65	15.65
Saccade R	1	70	172701936	172768595	66659	751.29	364.37	762.41	373.34	0.59	15.26	1.00	8.79	116.99	-29.71	47.10
Fixation R	1	75	172768595	172901913	133318	754.23	360.30	17	26	-1	14.30	14.30
Saccade R	1	71	172901913	173168554	266641	761.31	365.92	759.61	353.38	5.89	75.87	0.87	22.11	820.85	-1050.50	431.10
Fixation R	1	76	173168554	173235212	66658	757.67	350.89	3	13	-1	13.62	13.62
Blink R	1	14	173601848	174568402	966554
Fixation R	1	77	174568402	174768380	199978	714.55	392.99	28	16	-1	16.33	16.33
Saccade R	1	72	174768380	174801708	33328	711.81	390.41	715.61	407.61	0.13	9.80	1.00	3.98	130.11	-95.20	82.48
Fixation R	1	78	174801708	176701490	1899782	706.92	411.21	15	33	-1	12.52	12.52
Saccade R	1	73	176701490	176734818	33328	704.51	398.29	699.70	398.93	0.07	2.77	1.00	2.15	1.96	-10.05	4.35
Fixation R	1	79	176734818	177801368	1066550	701.83	393.22	18	11	-1	11.71	11.71
Saccade R	1	74	177801368	178134665	333297	687.96	393.54	91.83	981.22	119.33	547.07	0.30	358.03	8139.94	-8165.59	4077.05
Fixation R	1	80	178134665	178234654	99989	79.55	981.29	26	1	-1	14.33	14.33
Saccade R	1	75	178234654	178401302	166648	65.76	980.64	66.51	978.56	45.40	542.39	0.20	272.45	8094.09	-8127.37	6932.53
Fixation R	1	81	178401302	178467962	66660	64.09	978.70	6	0	-1	13.67	13.67
Saccade R	1	76	178467962	178567949	99987	60.06	978.61	830.81	764.32	8.44	293.41	0.67	84.46	4353.88	-4136.65	2449.46
Fixation R	1	82	178567949	178667943	99994	829.24	779.46	9	31	-1	12.99	12.99
Saccade R	1	77	178667943	178701272	33329	822.84	776.68	693.79	486.15	1.67	176.76	1.00	50.20	2524.81	-2585.65	1729.46
Fixation R	1	83	178701272	178967906	266634	690.31	475.53	14	26	-1	12.11	12.11
Saccade R	1	78	178967906	179001234	33328	696.08	459.55	696.92	429.82	0.32	16.55	1.00	9.48	223.75	-219.74	162.06
Fixation R	1	84	179001234	179601171	599937	697.56	400.72	8	41	-1	11.98	11.98
Saccade R	1	79	179601171	179634497	33326	701.36	388.24	701.76	385.77	0.04	1.65	1.00	1.17	8.80	-12.49	8.38
Fixation R	1	85	179634497	180534393	899896	692.59	387.05	15	8	-1	12.76	12.76
Blink R	1	15	180601053	180701049	99996
Saccade R	1	80	180701049	180767704	66655	259.87	876.49	269.54	859.95	8.52	505.07	0.00	127.82	1057.75	-6668.93	2409.93
Fixation R	1	86	180767704	180901021	133317	271.98	863.79	4	6	-1	14.78	14.78
Saccade R	1	81	180901021	180934351	33330	269.77	866.42	60.47	951.96	1.15	125.77	1.00	34.58	1866.24	-1815.07	1256.55
Fixation R	1	87	180934351	181234319	299968	50.38	959.47	13	18	-1	13.64	13.64
Saccade R	1	82	181234319	181300975	66656	49.25	955.38	616.37	397.72	6.06	253.57	1.00	90.92	3787.72	-3747.27	3289.40
Fixation R	1	88	181300975	181434302	133327	621.97	384.16	10	20	-1	12.59	12.59
Saccade R	1	83	181434302	181467628	33326	627.28	382.56	647.81	378.75	0.23	11.68	1.00	6.99	158.82	-47.79	109.15
Fixation R	1	89	181467628	181667603	199975	675.37	378.40	37	5	-1	12.50	12.50
Saccade R	1	84	181667603	181700936	33333	684.84	375.54	692.08	375.77	0.10	4.03	1.00	2.91	35.83	-44.89	30.44
Fixation R	1	90	181700936	182734153	1033217	694.53	379.40	17	11	-1	12.59	12.59
Saccade R	1	85	182834139	182867471	33332	475.21	436.10	709.05	349.53	4.29	357.63	0.00	128.72	2080.25	-5085.92	3066.68
Fixation R	1	91	182867471	183234094	366623	704.92	378.84	13	36	-1	13.50	13.50
Saccade R	1	86	183234094	183267429	33335	697.47	386.23	698.19	386.77	0.05	2.06	1.00	1.38	5.64	-11.15	7.33
Fixation R	1	92	183267429	185900468	2633039	701.25	393.18	15	21	-1	13.36	13.36
Blink R	1	16	185933792	186067112	133320
Saccade R	1	87	186067112	186100442	33330	697.06	312.67	698.31	375.54	3.84	422.99	0.00	115.17	524.93	-6304.34	2433.13
Fixation R	1	93	186100442	188033562	1933120	699.26	386.16	17	30	-1	12.81	12.81
Blink R	1	17	188066892	188166878	99986
Saccade R	1	88	188166878	188233537	66659	568.91	416.15	696.63	382.04	7.39	390.56	0.00	110.93	1587.01	-5022.59	2246.90
Fixation R	1	94	188233537	190133327	1899790	692.44	390.51	9	23	-1	12.94	12.94
Blink R	1	18	190166655	190266654	99999
Fixation R	1	95	190266654	193199660	2933006	697.33	393.80	23	25	-1	13.32	13.32
Saccade R	1	89	193199660	193232979	33319	697.87	405.03	695.39	406.12	0.05	2.07	1.00	1.64	4.48	-8.27	5.73
Fixation R	1	96	193232979	193632942	399963	690.73	409.01	9	5	-1	13.39	13.39
Blink R	1	19	193666263	193766256	99993
Saccade R	1	90	193766256	193832912	66656	676.88	498.95	697.49	383.86	7.84	465.09	0.00	117.57	1365.44	-6580.55	2393.81
Fixation R	1	97	193832912	194999446	1166534	699.55	386.07	20	13	-1	12.36	12.36
Blink R	1	20	195032776	226662590	31629814
Saccade R	1	91	226662590	226862565	199975	623.20	490.88	721.68	374.57	32.58	472.82	0.67	162.91	6355.89	-6484.64	4028.40
Fixation R	1	98	226862565	227495836	633271	718.79	397.31	17	32	-1	11.34	11.34
Saccade R	1	92	227495836	227529150	33314	711.56	396.10	709.89	396.02	0.06	2.52	0.00	1.73	12.47	-10.92	11.32
Fixation R	1	99	227529150	227829120	299970	706.41	392.38	5	7	-1	10.71	10.71
Blink R	1	21	227895778	235528260	7632482
Fixation R	1	100	235528260	235661587	133327	788.04	547.64	30	14	-1	18.66	18.66
Saccade R	1	93	235661587	235694911	33324	767.64	546.55	783.29	529.81	0.33	12.75	1.00	9.82	113.24	-176.58	104.17
Fixation R	1	101	235694911	235794901	99990	774.85	514.73	13	29	-1	16.19	16.19
Saccade R	1	94	235794901	235828232	33331	770.21	500.52	746.41	487.17	0.35	17.92	1.00	10.35	213.06	50.53	140.86
Fixation R	1	102	235828232	235894889	66657	741.80	497.25	8	33	-1	15.61	15.61
Saccade R	1	95	235894889	235928216	33327	738.09	485.68	734.58	472.04	0.41	18.55	0.00	12.36	-88.61	-201.26	147.03
Fixation R	1	103	235928216	236094872	166656	730.70	465.92	9	35	-1	14.42	14.42
Saccade R	1	96	236094872	236128190	33318	724.66	489.26	721.18	449.52	0.43	22.20	1.00	12.99	306.97	-167.39	203.23
Fixation R	1	104	236128190	236394829	266639	721.73	457.86	4	30	-1	14.23	14.23
Saccade R	1	97	236394829	236428159	33330	720.35	471.63	719.07	492.11	0.35	20.47	1.00	10.46	212.42	-87.73	138.85
Fixation R	1	105	236428159	236694800	266641	721.36	466.78	8	36	-1	14.35	14.35
Saccade R	1	98	236694800	236728126	33326	718.31	466.26	719.67	499.29	0.37	18.40	1.00	10.98	233.44	-198.38	210.54
Fixation R	1	106	236728126	236961436	233310	717.63	472.98	6	41	-1	15.01	15.01
Saccade R	1	99	236961436	236994763	33327	715.84	469.30	716.06	504.37	0.40	19.51	1.00	12.06	193.44	-270.72	158.64
Fixation R	1	107	236994763	237228069	233306	716.43	481.70	5	44	-1	15.65	15.65
Saccade R	1	100	237228069	237261400	33331	714.48	484.32	717.12	454.10	0.30	16.88	1.00	9.09	213.10	-205.23	198.29
Fixation R	1	108	237261400	237428047	166647	715.95	475.90	3	33	-1	15.96	15.96
Saccade R	1	101	237428047	237494709	66662	716.79	487.65	713.46	482.10	0.90	25.59	1.00	13.55	266.30	-251.09	211.01
Fixation R	1	109	237494709	237561367	66658	712.65	500.03	5	44	-1	15.87	15.87
Saccade R	1	102	237561367	237594692	33325	714.93	526.57	718.14	501.83	0.35	19.79	0.00	10.48	124.01	-257.61	174.88
Fixation R	1	110	237594692	237661355	66663	715.54	497.34	4	10	-1	15.52	15.52
Saccade R	1	103	237661355	237894664	233309	714.09	491.20	713.11	461.84	8.06	67.22	1.00	34.55	713.58	-915.80	511.32
Fixation R	1	111	237894664	238127970	233306	714.06	464.57	4	29	-1	14.54	14.54
Saccade R	1	104	238127970	238161308	33338	716.18	464.39	718.45	504.20	0.27	22.19	1.00	8.16	299.38	33.93	123.61
Fixation R	1	112	238161308	238227958	66650	721.64	495.50	5	43	-1	15.92	15.92
Saccade R	1	105	238227958	238261292	33334	724.30	469.21	724.80	470.35	0.27	24.45	0.00	8.11	11.87	-337.66	139.88
Fixation R	1	113	238261292	239827783	1566491	719.70	479.58	12	32	-1	15.89	15.89
Saccade R	1	106	239827783	239861117	33334	717.49	497.02	715.82	507.22	0.15	5.84	1.00	4.47	50.04	-34.19	37.86
Fixation R	1	114	239861117	240294387	433270	715.02	494.25	5	30	-1	16.52	16.52
Blink R	1	22	240327727	240427708	99981
Saccade R	1	107	240427708	240494377	66669	759.57	744.87	718.69	477.39	11.01	586.26	0.00	165.15	2767.54	-8267.24	3436.16
Fixation R	1	115	240494377	240627695	133318	719.94	471.74	3	44	-1	15.86	15.86
Saccade R	1	108	240627695	240661029	33334	721.87	477.19	727.13	470.26	0.16	5.95	1.00	4.80	21.22	-32.07	23.29
Fixation R	1	116	240661029	240761008	99979	723.53	470.70	7	10	-1	15.92	15.92
Saccade R	1	109	240761008	240827668	66660	719.75	471.10	717.25	482.57	1.16	38.48	0.50	17.43	483.32	-468.89	443.15
Fixation R	1	117	240827668	241860889	1033221	710.99	479.91	15	32	-1	15.92	15.92
Saccade R	1	110	241860889	241894213	33324	702.92	496.37	704.96	501.58	0.11	4.73	1.00	3.31	26.49	-30.12	22.23
Fixation R	1	118	241894213	242760785	866572	706.98	490.21	10	34	-1	16.83	16.83
Fixation R	1	119	243394053	243460711	66658	1223.83	164.00	11	9	-1	14.82	14.82
Fixation R	1	120	245327167	245527153	199986	1516.97	415.97	26	22	-1	14.38	14.38
Saccade R	1	111	245527153	245560484	33331	1527.82	410.99	1541.02	411.33	0.15	7.35	1.00	4.61	11.49	-49.27	24.04
Fixation R	1	121	245560484	245727123	166639	1540.87	408.27	7	5	-1	14.17	14.17
Fixation R	1	122	246360388	246427044	66656	1255.50	503.59	22	27	-1	15.29	15.29
Saccade R	1	112	246427044	246460379	33335	1247.49	514.85	1240.53	508.56	0.24	16.59	1.00	7.05	-4.82	-170.48	61.57
Fixation R	1	123	246460379	246527040	66661	1238.79	512.66	4	10	-1	15.43	15.43
Blink R	1	23	246560361	248226845	1666484
Saccade R	1	113	248226845	248293503	66658	1026.34	910.58	866.90	513.04	13.34	751.32	0.00	200.10	2662.81	-10284.58	4108.78
Fixation R	1	124	248293503	248393498	99995	855.68	518.15	19	6	-1	13.92	13.92
Saccade R	1	114	248393498	248460154	66656	847.18	519.93	742.22	454.71	1.16	51.56	0.50	17.33	702.59	-688.53	495.98
Fixation R	1	125	248460154	248626801	166647	732.47	442.48	16	23	-1	13.03	13.03
Saccade R	1	115	248626801	248660134	33333	725.83	431.06	721.59	418.36	0.13	7.45	1.00	4.00	95.86	-41.64	49.54
Fixation R	1	126	248660134	250626579	1966445	709.55	399.07	19	29	-1	12.31	12.31
Saccade R	1	116	250626579	250659912	33333	702.67	398.16	700.98	396.95	0.03	1.60	0.00	1.03	5.87	-15.23	8.69
Fixation R	1	127	250659912	255226064	4566152	693.63	391.46	28	21	-1	12.40	12.40
Blink R	1	24	255259394	277556909	22297515
Saccade R	1	117	277556909	277723550	166641	933.82	632.21	808.74	502.37	4.92	50.34	0.20	29.55	476.54	-463.22	311.65
Fixation R	1	128	277723550	277823541	99991	797.15	494.76	22	20	-1	16.22	16.22
Saccade R	1	118	277823541	277856876	33335	786.46	503.39	771.28	480.56	0.30	15.26	1.00	9.06	86.48	-130.72	86.97
Fixation R	1	129	277856876	278123518	266642	751.97	486.73	30	14	-1	15.03	15.03
Saccade R	1	119	278123518	278156835	33317	740.48	484.23	735.96	473.59	0.11	6.44	1.00	3.18	93.10	-72.85	74.24
Fixation R	1	130	278156835	278423476	266641	733.37	469.77	6	36	-1	13.97	13.97
Saccade R	1	120	278423476	278456810	33334	730.62	445.76	732.42	437.69	0.14	9.09	0.00	4.28	40.16	-114.06	58.16
Fixation R	1	131	278456810	278556799	99989	731.63	438.68	6	20	-1	13.60	13.60
Blink R	1	25	278590126	295154945	16564819
Fixation R	1	132	295154945	295454911	299966	743.88	494.09	22	19	-1	17.28	17.28
Saccade R	1	121	295454911	295488236	33325	734.47	485.14	729.87	474.77	0.16	7.19	1.00	4.75	13.49	-16.78	14.49
Fixation R	1	133	295488236	296054842	566606	713.45	475.72	25	23	-1	14.63	14.63
Saccade R	1	122	296054842	296088169	33327	704.52	470.25	702.39	468.61	0.15	8.84	1.00	4.39	40.68	5.95	24.39
Fixation R	1	134	296088169	297454678	1366509	699.41	470.78	15	33	-1	14.33	14.33
Saccade R	1	123	297454678	297488013	33335	704.92	466.05	715.44	488.92	0.32	14.01	1.00	9.46	90.13	-204.98	100.34
Fixation R	1	135	297488013	297954627	466614	710.82	477.83	18	27	-1	14.94	14.94
Saccade R	1	124	297954627	297987952	33325	698.08	481.03	693.38	477.80	0.11	4.64	1.00	3.27	15.52	-28.14	21.91
Fixation R	1	136	297987952	300187718	2199766	700.04	467.11	18	31	-1	15.07	15.07
Saccade R	1	125	300187718	300221044	33326	707.65	472.68	708.58	475.13	0.06	3.74	1.00	1.82	11.33	-34.26	17.04
Fixation R	1	137	300221044	303620662	3399618	701.54	459.66	21	27	-1	14.76	14.76
Saccade R	1	126	303620662	303654032	33370	707.50	454.99	713.95	457.76	0.10	5.22	1.00	2.87	56.02	-49.26	50.24
Fixation R	1	138	303654032	304187273	533241	701.98	460.45	25	14	-1	15.13	15.13
Saccade R	1	127	304187273	304220594	33321	688.28	467.06	682.33	473.00	0.12	4.68	1.00	3.61	44.47	-29.69	27.03
Fixation R	1	139	304220594	305253820	1033226	690.95	463.74	33	15	-1	14.97	14.97
Saccade R	1	128	305253820	305287146	33326	684.91	468.86	684.51	455.20	0.16	9.18	1.00	4.87	130.62	-50.31	87.12
Fixation R	1	140	305287146	306620328	1333182	696.15	453.66	21	28	-1	14.70	14.70
Saccade R	1	129	306620328	306653664	33336	705.62	442.70	708.45	460.18	0.19	9.86	1.00	5.82	39.97	-106.21	57.39
Fixation R	1	141	306653664	311153162	4499498	698.10	448.01	22	26	-1	14.55	14.55
Saccade R	1	130	311153162	311186483	33321	696.11	437.98	697.37	434.43	0.04	2.10	1.00	1.30	21.54	-22.18	17.53
Fixation R	1	142	311186483	313652882	2466399	698.08	440.39	27	21	-1	14.37	14.37
Blink R	1	26	313686205	313786194	99989
Saccade R	1	131	313786194	313852853	66659	658.68	300.97	703.86	434.60	6.89	401.16	0.00	103.43	493.69	-4850.42	1723.24
Fixation R	1	143	313852853	314819411	966558	703.97	432.51	22	21	-1	13.30	13.30
Blink R	1	27	314886072	355481543	40595471
Fixation R	1	144	355481543	355548208	66665	739.85	569.09	27	3	-1	19.42	19.42
Saccade R	1	132	355548208	355614861	66653	727.44	569.65	559.18	566.92	1.52	64.90	0.50	22.83	823.83	-900.16	616.94
Fixation R	1	145	355614861	355714856	99995	563.26	567.24	8	8	-1	17.99	17.99
Saccade R	1	133	355714856	355781514	66658	559.57	563.33	299.52	559.54	2.24	127.73	1.00	33.59	1825.94	-1777.21	1120.36
Fixation R	1	146	355781514	356081476	299962	295.19	544.39	7	23	-1	15.97	15.97
Saccade R	1	134	356081476	357214682	1133206	295.86	540.84	593.48	414.33	75.27	200.78	0.91	66.42	2222.88	-2368.11	954.08
Fixation R	1	147	357214682	357314671	99989	600.16	431.84	13	32	-1	13.61	13.61
Saccade R	1	135	357314671	357381337	66666	600.88	447.13	612.65	491.57	0.63	20.36	1.00	9.41	211.56	-86.02	92.95
Fixation R	1	148	357381337	357481319	99982	608.96	488.57	6	39	-1	14.55	14.55
Saccade R	1	136	357481319	357514652	33333	607.65	470.18	608.38	462.47	0.25	14.63	1.00	7.54	18.92	-154.73	75.08
Fixation R	1	149	357514652	357814617	299965	609.74	466.55	4	39	-1	14.39	14.39
Saccade R	1	137	357814617	357847943	33326	610.67	495.30	608.74	524.53	0.39	17.95	0.00	11.59	236.63	0.00	118.32
